     0/199        3G   0.08358   0.04081   0.03137    0.1558         6       640   0.08944    0.2594   0.08145   0.02955   0.04246   0.02075   0.03218
     1/199     3.06G   0.05236   0.03514   0.02274    0.1102         1       640    0.3059    0.6793    0.4518    0.2556   0.02798   0.01561   0.03394
     2/199     3.06G   0.05018   0.02678   0.01847   0.09544         9       640    0.4204    0.7023    0.5698    0.2843   0.02709   0.01294   0.02651
     3/199     3.06G   0.04916   0.02388   0.01514   0.08818        12       640     0.513    0.5662    0.5731    0.2941   0.03026   0.01084   0.01955
     4/199     3.06G   0.04641   0.02086   0.01177   0.07904         7       640    0.5852    0.7025    0.6794    0.3164   0.02552   0.01013   0.01814
     5/199     3.06G   0.04937   0.02146   0.01023   0.08107        11       640    0.4842    0.7472    0.5946    0.2728   0.03231  0.009673    0.0141
     6/199     3.06G   0.04804   0.02223   0.01035   0.08063         6       640    0.4958    0.7468    0.6025    0.3528   0.03035   0.01012   0.01139
     7/199     3.06G   0.04376   0.01992  0.009631   0.07332         1       640    0.5178     0.842    0.6491    0.3454   0.03312  0.008721  0.008797
     8/199     3.06G   0.04389   0.02045  0.008614   0.07296         4       640    0.7239    0.7211    0.7864    0.4292   0.02523      0.01  0.006258
     9/199     3.06G   0.04038   0.02129  0.007882   0.06956         5       640    0.5338    0.7365    0.6206    0.3832   0.02742   0.01047  0.006389
    10/199     3.06G   0.03999   0.02149  0.008743   0.07022         9       640    0.5973     0.749    0.6245    0.3291   0.03021  0.009958  0.005562
    11/199     3.06G   0.03947   0.02062  0.008791   0.06888         5       640    0.6549    0.7741    0.7583    0.4193   0.02467   0.01074  0.009488
    12/199     3.06G   0.03549   0.02149  0.008438   0.06541         7       640    0.5379    0.7408     0.648    0.3611   0.02492    0.0112  0.007716
    13/199     3.06G    0.0352   0.02123  0.007471    0.0639         5       640    0.6784    0.7594     0.724    0.4134   0.02398   0.01061  0.008003
    14/199     3.06G   0.03271   0.02047  0.006563   0.05975         1       640    0.6115    0.7179    0.6671    0.3415   0.02606   0.01166  0.007511
    15/199     3.06G   0.03407   0.02123  0.006661   0.06196         6       640    0.7848    0.7249    0.7863    0.4147   0.02515   0.01103  0.007227
    16/199     3.06G   0.03274   0.02092  0.007456   0.06112         2       640    0.6051    0.7952    0.6879    0.3859   0.02381   0.01137  0.005239
    17/199     3.06G   0.03302   0.02038  0.005918   0.05932         5       640    0.7554    0.7239    0.7584     0.448    0.0227   0.01155  0.006173
    18/199     3.06G   0.03232   0.02144  0.006516   0.06028         4       640    0.7044    0.7632    0.7785    0.4596   0.02264   0.01158  0.005785
    19/199     3.06G   0.03203   0.01994  0.005509   0.05748         4       640    0.7266    0.7558     0.777    0.4657   0.02043   0.01189   0.01235
    20/199     3.06G   0.03052   0.02028   0.00693   0.05773         3       640    0.7679    0.6681     0.754    0.4359   0.02269   0.01244  0.006029
    21/199     3.06G   0.03033   0.02077  0.006702    0.0578         6       640    0.7197    0.7334    0.7475    0.4229    0.0253   0.01141  0.006219
    22/199     3.06G   0.03208   0.02162  0.005664   0.05936         8       640    0.7355    0.7818    0.7918    0.4463   0.02231   0.01109    0.0103
    23/199     3.06G   0.02943    0.0199  0.005991   0.05532         1       640    0.7271    0.7886    0.7925    0.4658   0.02224   0.01098  0.009459
    24/199     3.06G   0.02893   0.02094  0.006718   0.05659        10       640    0.6178    0.7436    0.6785    0.3934   0.02221   0.01173  0.008201
    25/199     3.06G   0.02904   0.02075  0.006228   0.05602         3       640    0.7744    0.7329    0.7701    0.4769   0.02159   0.01062  0.007014
    26/199     3.06G   0.02864   0.01952  0.005363   0.05353         1       640    0.7988     0.715    0.7643    0.4491   0.02493   0.01086  0.008697
    27/199     3.06G   0.02866   0.01886   0.00588    0.0534         2       640     0.767    0.7666    0.7956    0.4804   0.02198   0.01122  0.009715
    28/199     3.06G   0.02835   0.01844  0.005239   0.05203         4       640     0.751    0.7548    0.7862     0.465   0.02144   0.01055  0.006905
    29/199     3.06G   0.02882   0.01885  0.004323   0.05199         3       640    0.7916    0.7829    0.8109    0.4777   0.02038   0.01065   0.00886
    30/199     3.06G    0.0275   0.01865  0.005528   0.05167         8       640    0.8353    0.7654    0.8076    0.5062   0.02153   0.01144  0.007152
    31/199     3.06G   0.02703     0.019    0.0048   0.05083         7       640     0.794    0.7705    0.8041    0.4946   0.01838    0.0125  0.006952
    32/199     3.06G   0.02708   0.01806  0.004843   0.04998         9       640    0.7721    0.7241     0.767    0.4798   0.02108   0.01148   0.00895
    33/199     3.06G    0.0267   0.01809  0.004172   0.04896        13       640    0.7264    0.7847    0.7856    0.5007   0.02197   0.01095  0.008991
    34/199     3.06G   0.02688   0.01898  0.004802   0.05067         8       640    0.7759     0.799    0.8073    0.5043   0.02108    0.0111  0.007215
    35/199     3.06G   0.02751   0.01901  0.003978   0.05049        10       640    0.8133    0.7539    0.7811    0.4856   0.01992   0.01116   0.01058
    36/199     3.06G   0.02728   0.01859  0.005984   0.05186        11       640    0.7632    0.7764    0.7699    0.4579    0.0208   0.01184  0.008267
    37/199     3.06G   0.02593   0.01714  0.005146   0.04821         1       640    0.7483    0.7871    0.7864    0.4888    0.0205   0.01174  0.009625
    38/199     3.06G   0.02656   0.01823  0.004796   0.04959         6       640    0.8262    0.7287    0.8046    0.4657   0.02248   0.01097  0.006671
    39/199     3.06G   0.02586   0.01717  0.004375    0.0474         1       640    0.8353    0.7723    0.8208    0.5262   0.01871   0.01184  0.006462
    40/199     3.06G   0.02595   0.01747  0.003766   0.04718         4       640    0.8684     0.746    0.8241    0.5414   0.01968   0.01183  0.007178
    41/199     3.06G   0.02548    0.0172  0.003143   0.04582         9       640    0.7359    0.7564    0.7819    0.5166   0.01991   0.01211   0.01245
    42/199     3.06G   0.02492    0.0169  0.003476    0.0453         6       640    0.7777    0.7972    0.8159    0.5049   0.02003   0.01218  0.006746
    43/199     3.06G   0.02559   0.01691  0.003901    0.0464         3       640    0.7857    0.7782    0.8252     0.514   0.02051   0.01122  0.008675
    44/199     3.06G   0.02554   0.01762  0.005297   0.04846         6       640    0.8065    0.7736    0.8133    0.5076   0.02046   0.01163  0.008024
    45/199     3.06G   0.02508   0.01789    0.0041   0.04707        12       640     0.783    0.7493    0.7915    0.4962   0.02009   0.01136   0.01116
    46/199     3.06G   0.02543   0.01796  0.005493   0.04888         4       640     0.765    0.7464    0.7667    0.4835   0.02032   0.01158  0.007745
    47/199     3.06G   0.02459    0.0184  0.004548   0.04754         2       640    0.7791    0.7644    0.7901    0.5022   0.02023   0.01155  0.007779
    48/199     3.06G   0.02467   0.01703  0.004323   0.04603         2       640    0.7676     0.777    0.8064     0.494   0.01945   0.01209  0.007541
    49/199     3.06G   0.02429   0.01719  0.003775   0.04525        11       640    0.7666    0.7497    0.7932     0.503   0.01949   0.01145  0.005632
    50/199     3.06G   0.02274   0.01634  0.003574   0.04265         3       640    0.7793     0.721    0.7773    0.4997   0.01896   0.01165  0.006931
    51/199     3.06G   0.02395   0.01784  0.004612    0.0464         6       640    0.8419     0.738    0.8189     0.526   0.01908   0.01129  0.008471
    52/199     3.06G   0.02366   0.01695  0.004491   0.04509         6       640    0.7869    0.7691    0.7982    0.5154   0.01877   0.01246  0.007941
    53/199     3.06G   0.02357   0.01681  0.004493   0.04487         6       640    0.8509    0.7583    0.8308    0.5255   0.01958   0.01131  0.006319
    54/199     3.06G   0.02285   0.01617  0.003192   0.04221         6       640    0.7764    0.7851    0.7883    0.5039   0.01937   0.01242  0.008674
    55/199     3.06G   0.02378   0.01636  0.003914   0.04405         4       640    0.8536    0.7189    0.7997    0.5078   0.01969   0.01156  0.008705
    56/199     3.06G   0.02302   0.01567  0.003326   0.04201         4       640    0.7883    0.7654    0.7967    0.4975   0.02083   0.01185  0.007374
    57/199     3.06G   0.02375   0.01668  0.003486   0.04391         5       640    0.8362    0.7157    0.7859    0.5102   0.02013   0.01179  0.008245
    58/199     3.06G   0.02276   0.01548  0.004011   0.04225         9       640    0.7424    0.7792    0.7937    0.4922   0.02047   0.01255  0.008934
    59/199     3.06G   0.02313    0.0163  0.003828   0.04326         6       640    0.8148    0.8167    0.8196    0.5425   0.01828   0.01213  0.005862
    60/199     3.06G   0.02211   0.01572  0.003191   0.04102        10       640    0.7484    0.8141    0.8277    0.5316   0.01891   0.01176  0.005741
    61/199     3.06G   0.02296   0.01586  0.002836   0.04166        11       640    0.8369    0.7423    0.8301    0.5382   0.01797   0.01189  0.007351
    62/199     3.06G   0.02282   0.01566  0.003526     0.042         5       640    0.7926    0.7497    0.8058    0.5351   0.02059   0.01247  0.008189
    63/199     3.06G   0.02352   0.01546    0.0031   0.04208         6       640    0.7841    0.7817    0.8157    0.5562   0.01806   0.01207  0.008201
    64/199     3.06G   0.02196   0.01516  0.003533   0.04065        10       640    0.7953    0.7646    0.7864    0.5275   0.01841   0.01284  0.009544
    65/199     3.06G   0.02213   0.01582  0.003019   0.04097         3       640    0.7898    0.7726    0.8115     0.529   0.01898   0.01232  0.006897
    66/199     3.06G   0.02148   0.01485  0.003665      0.04         6       640    0.8058    0.7579    0.8066    0.5419    0.0193   0.01269  0.007606
    67/199     3.06G   0.02291   0.01523  0.003118   0.04125         6       640    0.7977    0.7765    0.7949     0.532   0.01927   0.01307  0.008671
    68/199     3.06G   0.02143   0.01472  0.003522   0.03967         3       640    0.7845    0.7528    0.7795    0.4922   0.02124   0.01266  0.009609
    69/199     3.06G   0.02205   0.01497  0.003006   0.04003         2       640    0.8455    0.6938    0.7798    0.5079    0.0193   0.01304   0.01106
    70/199     3.06G   0.02205   0.01553  0.002841   0.04042         6       640      0.85     0.744    0.8138    0.5309    0.0185   0.01223  0.008245
    71/199     3.06G   0.02099   0.01452  0.002832   0.03834        10       640    0.8503    0.7164    0.7927    0.5197   0.01816   0.01266    0.0102
    72/199     3.06G   0.02111   0.01409  0.003691   0.03889         2       640    0.7957    0.7972    0.8178    0.5435   0.01801   0.01229  0.008084
    73/199     3.06G   0.02137   0.01523  0.003536   0.04014         6       640    0.8415    0.7471    0.8224    0.5346   0.01811   0.01234  0.007041
    74/199     3.06G   0.02099   0.01497  0.002629   0.03859         8       640    0.8355    0.7238    0.7926    0.5227   0.01956   0.01229  0.008153
    75/199     3.06G   0.02105   0.01521  0.002252   0.03851         6       640    0.7596    0.7881    0.7869    0.5264   0.01932   0.01294  0.008509
    76/199     3.06G   0.02077   0.01421   0.00292    0.0379         5       640    0.7874    0.7505    0.7893     0.543   0.01928   0.01279   0.01108
    77/199     3.06G   0.02129   0.01551  0.003538   0.04034         3       640    0.7982    0.7566    0.7959    0.5356   0.01869   0.01254  0.009369
    78/199     3.06G   0.02158   0.01444  0.003158   0.03917         3       640    0.8414    0.6957    0.7881    0.4936   0.01964   0.01381  0.009742
    79/199     3.06G   0.02085     0.015  0.003152     0.039         4       640    0.8225    0.7221    0.7867    0.5192   0.01831   0.01248   0.01051
    80/199     3.06G   0.02095   0.01452  0.003692   0.03916         2       640     0.864    0.7292    0.8033    0.5469   0.01871   0.01288  0.007308
    81/199     3.06G   0.02083   0.01424  0.003168   0.03823         2       640    0.7588     0.801    0.8088    0.5308   0.01938   0.01267   0.00643
    82/199     3.06G   0.02071   0.01466   0.00349   0.03886         6       640    0.8058    0.8024    0.8184    0.5452   0.01799   0.01225  0.007836
    83/199     3.06G   0.01968    0.0143  0.003326   0.03731         3       640    0.8482    0.7648    0.8167    0.5416   0.01848   0.01256    0.0089
    84/199     3.06G   0.01971    0.0136   0.00241   0.03572         6       640    0.7865    0.7723    0.8049    0.5484   0.01776   0.01243  0.009424
    85/199     3.06G    0.0199   0.01473  0.002447   0.03708         4       640    0.7983    0.7996    0.8255    0.5502   0.01778   0.01258  0.007883
    86/199     3.06G   0.01901   0.01393  0.002809   0.03575         2       640    0.8038    0.7922    0.8294    0.5695   0.01706   0.01323  0.009907
    87/199     3.06G   0.01966   0.01363   0.00331    0.0366         4       640    0.8455    0.7819    0.8262    0.5626   0.01771   0.01263  0.004885
    88/199     3.06G   0.02012   0.01446  0.002473   0.03705         3       640    0.8008    0.7968    0.8145    0.5513   0.01845   0.01294  0.005555
    89/199     3.06G   0.01961   0.01373  0.002201   0.03554         3       640    0.8333    0.7991    0.8105     0.536   0.01887   0.01327   0.00507
    90/199     3.06G   0.01977   0.01395  0.002686   0.03641         4       640    0.8445    0.7653    0.8101    0.5208   0.01843   0.01328  0.006021
    91/199     3.06G   0.01874     0.013  0.002968   0.03471         2       640     0.778     0.794    0.8017    0.5255   0.01767   0.01379  0.007663
    92/199     3.06G   0.01927   0.01355  0.002162   0.03499         6       640    0.8307    0.7919    0.8243    0.5473   0.01708   0.01272  0.007038
    93/199     3.06G   0.01889   0.01327  0.002466   0.03462         3       640    0.8531    0.7647    0.8218    0.5433   0.01768   0.01341   0.01064
    94/199     3.06G   0.01912   0.01407  0.002623   0.03582        12       640    0.8367    0.7902     0.805    0.5449   0.01745   0.01353   0.00595
    95/199     3.06G   0.01776   0.01359  0.002257   0.03361         3       640    0.8149    0.7433      0.78    0.5366   0.01724   0.01433  0.007904
    96/199     3.06G   0.01866   0.01363  0.002824   0.03511         3       640    0.8643    0.7155    0.7894    0.5424   0.01727   0.01456  0.007426
    97/199     3.06G   0.01886   0.01388   0.00263   0.03537         2       640    0.7949    0.7454    0.7827    0.5326   0.01762   0.01365  0.008299
    98/199     3.06G   0.01867     0.014   0.00262   0.03529        10       640    0.7955    0.8069    0.8192     0.559   0.01721   0.01205   0.00669
    99/199     3.06G   0.01895   0.01418  0.002411   0.03554        12       640    0.8729    0.7243    0.8027    0.5228   0.01996   0.01372  0.009179
   100/199     3.06G   0.01881   0.01356  0.002233    0.0346         9       640    0.7646    0.8177    0.8183    0.5441   0.01762   0.01376    0.0095
   101/199     3.06G   0.01829   0.01342  0.002679   0.03438         7       640     0.829    0.7572    0.8137    0.5387   0.01707   0.01339   0.00706
   102/199     3.06G   0.01821   0.01395  0.003377   0.03553        10       640    0.7925     0.752    0.7999    0.5229   0.01717   0.01294  0.006323
   103/199     3.06G   0.01908   0.01337  0.002355   0.03481         2       640    0.7993    0.7582    0.7826    0.5316   0.01707   0.01374  0.007615
   104/199     3.06G   0.01769   0.01297  0.002921   0.03359         1       640    0.7964    0.7591    0.7879    0.5388   0.01679   0.01355  0.007128
   105/199     3.06G   0.01818   0.01313     0.002   0.03331         6       640    0.8146    0.7636    0.7995    0.5366   0.01751   0.01385  0.008954
   106/199     3.06G   0.01938   0.01297  0.002617   0.03497         2       640    0.8152    0.7745    0.8009    0.5424   0.01721   0.01425  0.007213
   107/199     3.06G   0.01818   0.01286  0.002065    0.0331         2       640    0.7905     0.733    0.7721     0.524   0.01781   0.01431   0.01052
   108/199     3.06G   0.01889   0.01351  0.002029   0.03443         3       640    0.7975    0.7476    0.7813    0.5419   0.01719   0.01371  0.008725
   109/199     3.06G   0.01773   0.01298  0.002397   0.03311        10       640    0.8086    0.7633    0.8039    0.5504   0.01713   0.01406  0.008979
   110/199     3.06G   0.01807   0.01321  0.002042   0.03332         1       640    0.8421      0.73    0.7956    0.5336   0.01793   0.01429  0.007518
   111/199     3.06G   0.01757   0.01294  0.002041   0.03254         9       640    0.8412     0.761    0.8173    0.5466   0.01733   0.01334  0.006649
   112/199     3.06G   0.01714    0.0127  0.002507   0.03235         2       640    0.8397    0.7856    0.8282    0.5624   0.01754   0.01318  0.006557
   113/199     3.06G   0.01754   0.01287  0.002399    0.0328         6       640    0.7939     0.786    0.8139    0.5618   0.01789   0.01354  0.007004
   114/199     3.06G   0.01699   0.01257  0.001562   0.03112         7       640    0.7862     0.768    0.7955    0.5405   0.01735   0.01418  0.005623
   115/199     3.06G   0.01668   0.01241  0.002007    0.0311        10       640    0.8074    0.7898    0.8136    0.5594   0.01667   0.01324   0.00711
   116/199     3.06G   0.01742    0.0125   0.00226   0.03217         5       640    0.7947    0.8035    0.8178    0.5661    0.0163   0.01384  0.006117
   117/199     3.06G   0.01749   0.01238  0.001699   0.03157        11       640    0.8202    0.7702    0.8223    0.5637   0.01707   0.01382  0.005927
   118/199     3.06G   0.01643   0.01195  0.002591   0.03097         3       640     0.822    0.7461    0.8015    0.5532   0.01761   0.01452  0.008803
   119/199     3.06G   0.01693   0.01221  0.002048   0.03119         8       640    0.8293    0.7464    0.8034    0.5502   0.01738   0.01461  0.008385
   120/199     3.06G    0.0165   0.01217  0.001794   0.03046         5       640    0.8014    0.7531    0.7852    0.5399   0.01757   0.01499  0.008723
   121/199     3.06G   0.01705   0.01326  0.001784    0.0321         8       640    0.7637    0.7946    0.7882    0.5475    0.0181    0.0148   0.01044
   122/199     3.06G   0.01659   0.01209  0.001715    0.0304         2       640    0.8237    0.7309    0.7945    0.5584   0.01702   0.01484  0.009486
   123/199     3.06G   0.01641   0.01214   0.00188   0.03043        10       640    0.8194    0.7788    0.8017    0.5529   0.01773   0.01399  0.007505
   124/199     3.06G   0.01644   0.01211  0.001928   0.03048         4       640    0.7944     0.788    0.8123    0.5462   0.01746   0.01339  0.008004
   125/199     3.06G   0.01664   0.01242   0.00172   0.03079         6       640    0.7746    0.8043     0.823    0.5578   0.01691   0.01314  0.006837
   126/199     3.06G    0.0163   0.01239  0.001774   0.03046         3       640    0.7679    0.8323    0.8268    0.5639   0.01725   0.01359  0.004426
   127/199     3.06G   0.01635   0.01238  0.001602   0.03034         7       640    0.8125    0.7934    0.8332     0.583    0.0165    0.0131  0.004174
   128/199     3.06G   0.01539   0.01163  0.001689   0.02871         1       640    0.8273    0.7469    0.8041     0.566   0.01673   0.01441  0.006775
   129/199     3.06G    0.0162   0.01143  0.001963   0.02959         2       640    0.8555    0.7482    0.7968    0.5582   0.01733   0.01436  0.006143
   130/199     3.06G   0.01595   0.01167  0.001874   0.02949         1       640    0.7827    0.7905    0.8017     0.556   0.01756   0.01449  0.006615
   131/199     3.06G    0.0158   0.01141  0.002193    0.0294         9       640    0.8229     0.757    0.8181    0.5604   0.01759   0.01335  0.007599
   132/199     3.06G   0.01588   0.01167  0.002067   0.02962         9       640    0.7853    0.7446    0.7939    0.5495   0.01789   0.01442  0.008913
   133/199     3.06G   0.01579   0.01144  0.001584   0.02881         6       640    0.7682    0.7239      0.76    0.5383   0.01753   0.01468  0.009955
   134/199     3.06G   0.01635   0.01173  0.001808   0.02989        10       640    0.7794    0.7671    0.7939    0.5663   0.01734   0.01484  0.008154
   135/199     3.06G   0.01536   0.01172  0.001709   0.02879         4       640    0.8207    0.7855    0.8297    0.5962   0.01653   0.01424  0.005553
   136/199     3.06G   0.01607   0.01148  0.001324   0.02887        10       640    0.8039    0.8259    0.8462    0.6068    0.0158   0.01375  0.004389
   137/199     3.06G   0.01535    0.0115  0.001494   0.02834         5       640    0.7964    0.7893    0.8167    0.5823   0.01627   0.01448  0.005317
   138/199     3.06G   0.01528   0.01119   0.00132   0.02779         4       640    0.7794    0.7955    0.8081     0.553   0.01692   0.01406  0.005467
   139/199     3.06G   0.01638    0.0119  0.001044   0.02933         7       640    0.8237     0.785     0.838      0.59   0.01637   0.01357  0.005402
   140/199     3.06G    0.0155   0.01144  0.001387   0.02833         9       640    0.7929    0.8093    0.8289    0.5866   0.01626   0.01363  0.005379
   141/199     3.06G   0.01453   0.01105  0.001257   0.02684         6       640    0.7968    0.8041    0.8229    0.5819   0.01617   0.01419  0.005746
   142/199     3.06G   0.01574   0.01167 0.0009982   0.02841         8       640    0.8117    0.7625    0.8149     0.574   0.01636   0.01476    0.0059
   143/199     3.06G    0.0156   0.01197  0.001306   0.02887        12       640    0.8234    0.7702    0.8119    0.5625    0.0169   0.01493  0.005625
   144/199     3.06G     0.015   0.01118  0.001217    0.0274         6       640    0.8507     0.783    0.8245    0.5711   0.01694   0.01492  0.005242
   145/199     3.06G   0.01512   0.01105  0.001103   0.02728         8       640    0.8483     0.786    0.8175    0.5894   0.01631   0.01386  0.004803
   146/199     3.06G   0.01567   0.01118  0.001417   0.02827         9       640    0.8634    0.7911    0.8272    0.5918   0.01617   0.01403  0.004267
   147/199     3.06G   0.01479   0.01093  0.001498   0.02721         4       640    0.8225     0.802    0.8139    0.5694   0.01645   0.01503  0.003668
   148/199     3.06G   0.01463     0.011  0.001286   0.02691         5       640    0.7935    0.8048     0.801    0.5534   0.01734   0.01448  0.005417
   149/199     3.06G    0.0155   0.01099  0.001353   0.02784         1       640    0.7751    0.7954    0.7862    0.5505   0.01661   0.01509  0.006879
   150/199     3.06G   0.01451   0.01098  0.001527   0.02702         6       640    0.8768    0.7032    0.7741    0.5496   0.01737    0.0154  0.006021
   151/199     3.06G   0.01412    0.0109  0.001471   0.02649         8       640    0.8513    0.7404    0.7949    0.5585   0.01706   0.01524  0.005676
   152/199     3.06G   0.01481   0.01139   0.00086   0.02706         8       640    0.7935    0.7824    0.7931    0.5583   0.01652   0.01524  0.006575
   153/199     3.06G   0.01496   0.01047  0.001803   0.02723         2       640    0.8162    0.7518    0.8034    0.5692   0.01652   0.01505  0.005601
   154/199     3.06G   0.01455   0.01104 0.0008965   0.02649         4       640    0.8075    0.7618    0.7914    0.5595   0.01728   0.01573  0.004904
   155/199     3.06G   0.01427   0.01129  0.001282   0.02684         1       640     0.796     0.752    0.7783    0.5589   0.01713   0.01584  0.006187
   156/199     3.06G   0.01501   0.01042 0.0009823   0.02641         2       640    0.8304    0.7185     0.781    0.5543   0.01771   0.01538  0.007769
   157/199     3.06G   0.01407   0.01078  0.001029   0.02588         1       640    0.8371    0.7538    0.7988    0.5613   0.01776   0.01501  0.007453
   158/199     3.06G   0.01344   0.01067  0.001313   0.02543         3       640    0.8298    0.7897    0.8173    0.5789   0.01725   0.01456  0.006176
   159/199     3.06G   0.01408   0.01049  0.001107   0.02568         6       640    0.8308    0.8168     0.822    0.5898   0.01753   0.01446  0.004885
   160/199     3.06G   0.01456    0.0104  0.001249   0.02621         6       640    0.8318    0.8037    0.8095    0.5682   0.01781   0.01536  0.005556
   161/199     3.06G   0.01407   0.01069  0.001031   0.02578         1       640    0.8234    0.8033    0.8176    0.5853   0.01708   0.01514  0.005483
   162/199     3.06G   0.01377    0.0108  0.001197   0.02577         2       640    0.8326    0.7876    0.8157    0.5868   0.01713   0.01505  0.005958
   163/199     3.06G   0.01348   0.01055   0.00111   0.02514         9       640    0.7874    0.8057    0.7994    0.5713   0.01781   0.01623   0.00605
   164/199     3.06G   0.01433   0.01118  0.001813   0.02732        10       640    0.7793    0.7749    0.7734    0.5578   0.01776   0.01723   0.00631
   165/199     3.06G   0.01344   0.01002 0.0008999   0.02436         3       640    0.7765    0.8102    0.8002    0.5698   0.01771   0.01615  0.006479
   166/199     3.06G   0.01401   0.01049  0.001075   0.02558         8       640    0.8246    0.7778    0.8072    0.5789   0.01754   0.01535  0.006827
   167/199     3.06G   0.01369   0.01032  0.001203   0.02521        10       640    0.8096    0.7955    0.8046    0.5826   0.01703   0.01557  0.005685
   168/199     3.06G   0.01405   0.01008  0.001445   0.02558         4       640    0.9003    0.7298    0.8127    0.5807   0.01734   0.01524  0.005594
   169/199     3.06G   0.01369   0.01078  0.001483   0.02595         9       640    0.8153    0.7702    0.8118    0.5713    0.0174   0.01505  0.005384
   170/199     3.06G   0.01428   0.01069 0.0009434   0.02591         4       640    0.8353    0.7732    0.8149    0.5755   0.01734   0.01528  0.005261
   171/199     3.06G   0.01387   0.01069    0.0013   0.02585        12       640     0.822    0.7829    0.8198    0.5857   0.01679   0.01502  0.007505
   172/199     3.06G   0.01331   0.01001  0.001255   0.02457         4       640    0.7912    0.8237    0.8196    0.5823   0.01681   0.01493  0.008181
   173/199     3.06G   0.01351  0.009748  0.001183   0.02444         3       640    0.8062    0.8257    0.8064    0.5753   0.01721   0.01546  0.006512
   174/199     3.06G   0.01364   0.01037 0.0009844   0.02499         7       640    0.8615    0.7666    0.8097    0.5715   0.01775   0.01492  0.006151
   175/199     3.06G   0.01392   0.01006 0.0007668   0.02475        10       640    0.8331     0.743    0.8008    0.5714   0.01721   0.01582   0.00748
   176/199     3.06G   0.01372  0.009999  0.001092   0.02481         5       640    0.8316    0.7471      0.79    0.5705   0.01683   0.01598  0.007706
   177/199     3.06G   0.01314  0.009925 0.0006534   0.02372         3       640     0.829    0.7541    0.8027    0.5612   0.01708    0.0153  0.007042
   178/199     3.06G   0.01353  0.009987 0.0009951   0.02451         9       640    0.8918    0.7099    0.8003    0.5661   0.01692   0.01567  0.007143
   179/199     3.06G   0.01298   0.01027  0.000874   0.02413         7       640    0.8293    0.7839    0.8116     0.578   0.01662   0.01565  0.005846
   180/199     3.06G   0.01336   0.01015   0.00104   0.02455         6       640    0.8637    0.7776    0.8171    0.5817   0.01675   0.01514  0.005023
   181/199     3.06G   0.01323  0.009947 0.0008165   0.02399         3       640    0.8777    0.7506    0.8083     0.578   0.01679   0.01558  0.005487
   182/199     3.06G   0.01267  0.009477  0.001077   0.02322         6       640    0.8491    0.7797    0.8099    0.5746   0.01722   0.01562  0.006133
   183/199     3.06G   0.01277   0.01003  0.001188   0.02399        18       640    0.8227    0.7845    0.8017    0.5733   0.01745   0.01614   0.00666
   184/199     3.06G   0.01301  0.009755 0.0008706   0.02364         1       640    0.8249    0.8039    0.8093    0.5742   0.01724   0.01568  0.005197
   185/199     3.06G   0.01332  0.009574 0.0009853   0.02388         1       640    0.8456    0.7663    0.8004    0.5752   0.01658   0.01652  0.005434
   186/199     3.06G   0.01317   0.01012 0.0009712   0.02425         2       640    0.8186    0.7852    0.8014     0.549   0.01722   0.01636  0.005949
   187/199     3.06G   0.01288   0.01003  0.001233   0.02415         9       640    0.8051    0.7752    0.7809    0.5265     0.018   0.01701   0.00707
   188/199     3.06G   0.01298  0.009519 0.0007951   0.02329        10       640    0.8172    0.7834    0.8005    0.5524   0.01756   0.01636  0.006831
   189/199     3.06G   0.01338    0.0101  0.001262   0.02475        10       640    0.8177    0.8164    0.8138    0.5719   0.01729   0.01596  0.006521
   190/199     3.06G   0.01332    0.0099 0.0009592   0.02418         6       640    0.8221    0.7764    0.8018    0.5664   0.01721   0.01606  0.006235
   191/199     3.06G   0.01334  0.009966 0.0006373   0.02394         7       640    0.8218    0.8022    0.8025    0.5651    0.0172   0.01582  0.006997
   192/199     3.06G   0.01317   0.00966  0.001233   0.02407         6       640     0.829    0.7558    0.7906    0.5502   0.01738   0.01644  0.007403
   193/199     3.06G   0.01314   0.01006 0.0006367   0.02383         1       640    0.8158    0.7873    0.8069    0.5598   0.01717   0.01628  0.007906
   194/199     3.06G   0.01266  0.009823 0.0009533   0.02344        10       640     0.844    0.7845    0.8132    0.5701     0.017   0.01626  0.006913
   195/199     3.06G   0.01343   0.01041 0.0009739   0.02481         3       640    0.8085     0.806    0.8139    0.5759   0.01713   0.01588  0.005601
   196/199     3.06G   0.01278   0.01021 0.0007305   0.02372        10       640    0.7836    0.8285    0.8008    0.5696   0.01721   0.01578  0.004082
   197/199     3.06G   0.01319  0.009992  0.001628   0.02481         2       640    0.8488    0.7571    0.8003     0.565   0.01721   0.01643  0.003294
   198/199     3.06G   0.01261  0.009708  0.001058   0.02337         9       640    0.8144    0.7832    0.7924    0.5553   0.01702   0.01659   0.00427
   199/199     3.06G    0.0131  0.009873  0.001278   0.02425         2       640    0.8219    0.7656    0.7948    0.5528   0.01705   0.01661  0.005392
